     1        30.9196         0.0062419876031417        22.1535272186480405           0.1440076243440621       511.0995132373094521           6.0849989221813061     21596.3564522523520282          0.4314916333552112      1531.4131093984221934 
     2        80.1766         0.0187360973123239        25.6440164796282737           0.4322566840839162       591.6278798779659382          18.2648763823229494     24999.0584025510070205          1.2951754706990772      1772.7011426638423472 
     3       157.4150         0.0023201657557042         1.6174369251937035           0.0535280714744192        37.3155577890409376           2.2618125860480900      1576.7576887762959359          0.1603867510213809       111.8090174273329183 
     4       166.9051         0.0062254967896394         4.0931594951753798           0.1436271681453392        94.4324488348667046           6.0689228597525915      3990.2147681168853524          0.4303516682502050       282.9489881184139790 
     5       171.7807         0.0005011432141320         0.3201414712122659           0.0115617729979103         7.3859186615633980           0.4885392461075608       312.0897751049195108          0.0346426679703517        22.1305095589415224 
     6       174.1846         0.0048104382832615         3.0306045100034700           0.1109806416272850        69.9184592408258112           4.6894536852545814      2954.3834991993985568          0.3325325207237274       209.4974506865244734 
     7       204.3161         0.0074153202063080         3.9827372627192021           0.1710773417946982        91.8849200056235134           7.2288217042121179      3882.5697024422097456          0.5126009263557846       275.3157993858275745 
     8       210.7171         0.0024992828464287         1.3015770908607127           0.0576604453839208        30.0284198996434455           2.4364248046712498      1268.8418655360753746          0.1727686285502065        89.9744857856724991 
     9       228.9131         0.0029827728989953         1.4298942500888061           0.0688149458877451        32.9887989388001373           2.9077548738422734      1393.9317928546308849          0.2061909814539479        98.8447021563303849 
    10       232.8075         0.0061112764227359         2.8806416239842116           0.1409920133300371        66.4586960486427074           5.9575751843504658      2808.1922444562619603          0.4224559248089974       199.1309240694990024 
    11       245.0750         0.0029472974394355         1.3197123528979851           0.0679964987874731        30.4468148355017298           2.8731716373941905      1286.5210179097095988          0.2037386593791983        91.2281271472556057 
    12       246.0729         0.0248904069774325        11.0999880557803490           0.5742415085817927       256.0855630914517178          24.2644025044362586     10820.8185677352958010          1.7206061665618684       767.3119975440780536 
    13       251.3531         0.0534570586078781        23.3386170225471403           1.2332969086108434       538.4404786708171287          52.1125905229611490     22751.6407363455437007          3.6953411316403546      1613.3351457221820056 
    14       254.0618         0.0356995688211410        15.4197695464558358           0.8236174793830638       355.7463618159682142          34.8017092647933595     15031.9556904026248958          2.4678141387140649      1065.9267481102324382 
    15       260.0746         0.0031502778652394         1.3292456165260600           0.0726794188390380        30.6667548185022945           3.0710470179251019      1295.8145158449681276          0.2177701443865054        91.8871357444552359 
    16       268.4496         0.0020100271832691         0.8216624096920879           0.0463729276527052        18.9564060609509184           1.9594741325009424       800.9972456300281465          0.1389477146607332        56.7992885865671653 
    17       275.6487         0.0007270398707500         0.2894387544662688           0.0167733887419817         6.6775825384230139           0.7087545043617347       282.1592449299799341          0.0502582897131031        20.0081142195940274 
    18       276.2416         0.0110793897698438         4.4013016273704402           0.2556103442329919       101.5415331905277441          10.8007383375759591      4290.6069927572971210          0.7658880940363851       304.2500159928499102 
    19       298.3835         0.0048607664795319         1.7876571966838528           0.1121417531903343        41.2426749944900521           4.7385161056775900      1742.6968470068638908          0.3360115721081925       123.5758820296407663 
    20       306.9174         0.0095219167914142         3.4045297392588982           0.2196782024436002        78.5452120271147010           9.2824364764347465      3318.9043476308306708          0.6582242212291193       235.3458852208929386 
    21       315.4837         0.0076417883669060         2.6581063280244432           0.1763021425906620        61.3246295715257830           7.4495940928746291      2591.2538071897502050          0.5282560546149643       183.7476640507612444 
    22       324.3672         0.0387735392715814        13.1175532878790673           0.8945364254009910       302.6323995330169510          37.7983680323200346     12787.6411638859353843          2.6803093589670839       906.7807970272424427 
    23       332.0190         0.0255741425757360         8.4526421565458172           0.5900158332763182       195.0091851803711620          24.9309418574846404      8240.0545599094330100          1.7678709496490073       584.3081726819470987 
    24       344.8323         0.0115511353520821         3.6759624688832475           0.2664938904545127        84.8073812346845841          11.2606193149139173      3583.5104270113142775          0.7984985836351924       254.1092918948705801 
    25       348.4851         0.0190574709402660         6.0011625311442174           0.4396710295823735       138.4515981700619704          18.5781673248844470      5850.2307046345258641          1.3173911559029776       414.8440508421089135 
    26       349.8352         0.0391312608005828        12.2748064149971867           0.9027893459198140       283.1895581172435072          38.1470927105488968     11966.0897384109994164          2.7050376757547392       848.5239968212028998 
    27       360.6820         0.0776070195311519        23.6118943026070021           1.7904557371244074       544.7452031257039380          75.6551695109231161     23018.0449749223625986          5.3647622754765258      1632.2260611531180530 
    28       369.1724         0.0173077427554847         5.1447648387471183           0.3993034070944054       118.6938214782641836          16.8724455587685505      5015.3717836440291649          1.1964372033512414       355.6436065944993175 
    29       371.7535         0.0170730088731152         5.0397533660063178           0.3938879095153842       116.2711231841082338          16.6436153348028562      4913.0013947437319075          1.1802106882174308       348.3844489711874530 
    30       374.5236         0.0095230925828262         2.7903143064972853           0.2197053288877281        64.3747729088214840           9.2835826961854906      2720.1366979705821905          0.6583055004928886       192.8868421781136533 
    31       394.7468         0.0084811281854507         2.3577044304487607           0.1956663805499236        54.3941185918902192           8.2678241528987222      2298.4071469289669949          0.5862773344171909       162.9816975527347722 
    32       397.1146         0.0439375092324367        12.1415421460829922           1.0136733243388505       280.1150453183680042          42.8324619209662174     11836.1771233490890154          3.0372805634413096       839.3118002073018715 
    33       401.6553         0.0161764624626182         4.4196140340566732           0.3732038699275964       101.9640149944934393          15.7696174532925362      4308.4588345155516436          1.1182348722370570       305.5159028824250527 
    34       405.0040         0.0787138805496301        21.3278153967007071           1.8159919021866171       492.0496840111836718          76.7341924972959646     20791.4116388321817794          5.4412765685392008      1474.3338959515006081 
    35       418.8355         0.0886703300910801        23.2321387263084702           2.0456951211811711       535.9839395905702304          86.4402330376492927     22647.8404151911236113          6.1295388574448557      1605.9745905782117461 
    36       421.0239         0.0320778986776706         8.3609097132090433           0.7400626653272830       192.8928446683271716          31.2711256877895103      8150.6292270951880710          2.2174579276742818       577.9669582605780533 
    37       428.4395         0.0714829144447144        18.3091039769132848           1.6491677563076290       422.4056078318142227          69.6850883092973561     17848.6221134993174928          4.9414195400222187      1265.6585822587087478 
    38       432.9139         0.0188913030010916         4.7886679044469531           0.4358374029102193       110.4783816528213691          18.4161785810637078      4668.2308408587578015          1.3059044180168657       331.0275936218644119 
    39       433.7601         0.0116137549704100         2.9381734054729471           0.2679385749117826        67.7860000587154872          11.3216640228272727      2864.2770768218251760          0.8028273076106739       203.1079397162322948 
    40       459.9031         0.0356161237648840         8.4983502995629898           0.8216923354899908       196.0637084360355402          34.7203628876987338      8284.6131234116110136          2.4620458088311885       587.4678523452304262 
    41       532.6505         0.2253426679435716        46.4253772598629908           5.1988347842237976      1071.0704207590501937         219.6752026338451742     45257.7589942572813015         15.5773260117745309      3209.2601165865439725 
    42       578.3959         0.0292930658674127         5.5576857115220157           0.6758143549014839       128.2202348118089219          28.5563326240632414      5417.9075183380209637          2.0249500064290427       384.1877039506722440 
    43       584.5867         0.1147124745712365        21.5335713026905680           2.6465081310507541       496.7966366006836552         111.8274063497661075     20991.9926950250192021          7.9297615064227909      1488.5572423585585966 
    44       588.7724         0.0187852786121521         3.5012613441269091           0.4333913358328000        80.7768871763924068          18.3128207512440966      3413.2031109072045183          1.2985752402504831       242.0326780880497495 
    45       590.7037         0.0986929792596345        18.3345780023131368           2.2769256182861413       422.9933138821220950          96.2108082559273470     17873.4554561710829148          6.8223773465999953      1267.4195323801702671 
    46       600.7567         0.0823311047654082        15.0390225899384333           1.8994441451503554       346.9622263497736867          80.2604419636069366     14660.7846840926922596          5.6913254446844457      1039.6067461159909726 
    47       604.2316         0.1528484985648474        27.7595275906400829           3.5263365713513930       640.4344057379252035         149.0042928883752893     27061.3634965070377802         10.5660011673914394      1918.9406744777390941 
    48       613.5513         0.0746404888466568        13.3498977928712002           1.7220155120584539       307.9927722733398809          72.7632483528796286     13014.1421043460359215          5.1596940741544186       922.8421409987851121 
    49       614.3058         0.2206641553304416        39.4186246768973447           5.0908977728555795       909.4190593671036140         215.1143566312067037     38427.2292614077887265         15.2539131539700143      2724.9023592885314429 
    50       630.1309         0.1744346827196542        30.3778059649298271           4.0243470283447040       700.8401727027818424         170.0475751995890619     29613.7910401799636020         12.0581953931819541      2099.9351403642599507 
    51       649.2416         0.0609360399655415        10.2996443746119688           1.4058429638591030       237.6209970731163708          59.4034722731091875     10040.6038754098826757          4.2123427803182709       711.9864147026362389 
    52       730.6653         0.0529620815947707         7.9542804109652661           1.2218773947805643       183.5115828767566200          51.6300623952624207      7754.2268272193286975          3.6611247163832226       549.8577800707739698 
    53       764.7918         0.0727514298253963        10.4388501581258204           1.6784334162272290       240.8325853448863825          70.9216999809281532     10176.3085734161486471          5.0291085596657608       721.6093320680363377 
    54       926.8327         0.2656195732067942        31.4494513419971682           6.1280550601449226       725.5638848763034048         258.9391263545770130     30658.4840737151935173         18.3615589746490322      2174.0150718744753249 
    55      1072.2848         0.7043901398746004        72.0870804632376121          16.2508414152678249      1663.1063474373429472         686.6744239887286767     70274.0592918225011090         48.6925753939052299      4983.1838943793272847 
    56      1089.5603         0.2164980879703187        21.8050524938450749           4.9947832815216531       503.0599238543429692         211.0530676623975523     21256.6460171072685625         14.9659242433572306      1507.3239990463671347 
    57      1097.5358         0.0079241455409302         0.7922971071947139           0.1828163474294004        18.2789251494759952           7.7248498621656081       772.3704931584094311          0.5477746384307908        54.7693450582935100 
    58      1104.2743         0.0365686796140543         3.6340144947051898           0.8436685574268964        83.8396080682675660          35.6489615463377589      3542.6174624798404693          2.5278934050381530       251.2095424809303097 
    59      1110.7809         0.1061548469333012        10.4873499731466051           2.4490768472173978       241.9515146966131169         103.4850067386140040     10223.5885971667448757          7.3381959728289878       724.9619924274081768 
    60      1112.0509         0.0167218268164901         1.6501118275280424           0.3857858598314999        38.0693938041067312          16.3012656583988758      1608.6108032212459875          1.1559344273767425       114.0677445947610806 
    61      1113.3561         0.0402538527574540         3.9675980846631438           0.9286884362569061        91.5356471129190510          39.2414509954280035      3867.8112812451763602          2.7826394058219353       274.2692691646242906 
    62      1128.9401         0.1787314952194879        17.3733886790258438           4.1234779141608646       400.8179108227164420         174.2363210114428966     16936.4404590135127364         12.3552223598553876      1200.9751275787127724 
    63      1129.3215         0.1991157445438653        19.3482790359727055           4.5937587775453395       446.3802039135859445         194.1078976717172679     18861.6614715319483366         13.7643300984334882      1337.4939289597923562 
    64      1133.5555         0.4677031908486153        45.2774405595262834          10.7902850333036842      1044.5866070088197830         455.9402538355208208     44138.6933971443504561         32.3310500717976410      3129.9063733065390807 
    65      1140.5764         0.7501424740819151        72.1728272737550895          17.3063841968771328      1665.0845946340352839         731.2760672535544018     70357.6495330650068354         51.8553098740236322      4989.1113382766143332 
    66      1146.9036         0.2459130576245081        23.5292997035905316           5.6734100538530292       542.8396799583676966         239.7282381404117189     22937.5276657017784601         16.9993011271549435      1626.5165210672007561 
    67      1151.7349         1.1334122482118971       107.9915313888736250          26.1487230742507997      2491.4506201136341588        1104.9064412247864766    105275.4977877984056249         78.3497073912171089      7465.1609759786533687 
    68      1162.7921         0.2817379119416554        26.5887265753037099           6.4999179693906850       613.4230940343667271         274.6520819169397214     25920.0086317801578844         19.4757759116031117      1838.0063832614023340 
    69      1173.2028         0.5157235903945689        48.2389938700807761          11.8981538882794471      1112.9120000946038544         502.7529196172942534     47025.7623643490223913         35.6505697427474146      3334.6305022997648848 
    70      1211.2346         0.5472312754747627        49.5789083443447538          12.6250612718660236      1143.8248939564662123         533.4681728255687858     48331.9774115573454765         37.8286103546274788      3427.2551471749738994 
    71      1436.3306         0.2558793731256476        19.5494785486742941           5.9033408883936378       451.0220368817827534         249.4438965073122176     19057.8007296933028556         17.6882454230320434      1351.4023042859762427 
    72      1639.5496         0.0304668530236394         2.0391884223992700           0.7028945592531723        47.0457006598079630          29.7005985269488804      1987.9019538870675206          2.1060907214469191       140.9635518432042431 
    73      2530.9310         2.2806238900544162        98.8843798306326249          52.6158091476742129      2281.3413818665862891        2223.2652153774415638     96397.3950199963146588        157.6533293486841956      6835.6083477259116989 
    74      3737.9499         0.1658014225032859         4.8675352461769599           3.8251708407025578       112.2979140266365903         161.6314452019788348      4745.1146349215414375         11.4614015850580184       336.4794785445989760 
    75      3907.7779         0.1494536451152537         4.1969226990778488           3.4480145990318429        96.8263485729569027         145.6948214675502697      4091.3682826786275655         10.3313241777688560       290.1218563105121575 
